1024
20
20
1200
5
0
1600
3200
4
1604
3204
8
1608
3208
12
1612
3212
16
1616
3216
20
1620
3220
24
1624
3224
28
1628
3228
32
1632
3232
36
1636
3236
40
1640
3240
44
1644
3244
48
1648
3248
52
1652
3252
56
1656
3256
60
1660
3260
64
1664
3264
68
1668
3268
72
1672
3272
76
1676
3276
80
1680
3280
84
1684
3284
88
1688
3288
92
1692
3292
96
1696
3296
100
1700
3300
104
1704
3304
108
1708
3308
112
1712
3312
116
1716
3316
120
1720
3320
124
1724
3324
128
1728
3328
132
1732
3332
136
1736
3336
140
1740
3340
144
1744
3344
148
1748
3348
152
1752
3352
156
1756
3356
160
1760
3360
164
1764
3364
168
1768
3368
172
1772
3372
176
1776
3376
180
1780
3380
184
1784
3384
188
1788
3388
192
1792
3392
196
1796
3396
200
1800
3400
204
1804
3404
208
1808
3408
212
1812
3412
216
1816
3416
220
1820
3420
224
1824
3424
228
1828
3428
232
1832
3432
236
1836
3436
240
1840
3440
244
1844
3444
248
1848
3448
252
1852
3452
256
1856
3456
260
1860
3460
264
1864
3464
268
1868
3468
272
1872
3472
276
1876
3476
280
1880
3480
284
1884
3484
288
1888
3488
292
1892
3492
296
1896
3496
300
1900
3500
304
1904
3504
308
1908
3508
312
1912
3512
316
1916
3516
320
1920
3520
324
1924
3524
328
1928
3528
332
1932
3532
336
1936
3536
340
1940
3540
344
1944
3544
348
1948
3548
352
1952
3552
356
1956
3556
360
1960
3560
364
1964
3564
368
1968
3568
372
1972
3572
376
1976
3576
380
1980
3580
384
1984
3584
388
1988
3588
392
1992
3592
396
1996
3596
400
2000
3600
404
2004
3604
408
2008
3608
412
2012
3612
416
2016
3616
420
2020
3620
424
2024
3624
428
2028
3628
432
2032
3632
436
2036
3636
440
2040
3640
444
2044
3644
448
2048
3648
452
2052
3652
456
2056
3656
460
2060
3660
464
2064
3664
468
2068
3668
472
2072
3672
476
2076
3676
480
2080
3680
484
2084
3684
488
2088
3688
492
2092
3692
496
2096
3696
500
2100
3700
504
2104
3704
508
2108
3708
512
2112
3712
516
2116
3716
520
2120
3720
524
2124
3724
528
2128
3728
532
2132
3732
536
2136
3736
540
2140
3740
544
2144
3744
548
2148
3748
552
2152
3752
556
2156
3756
560
2160
3760
564
2164
3764
568
2168
3768
572
2172
3772
576
2176
3776
580
2180
3780
584
2184
3784
588
2188
3788
592
2192
3792
596
2196
3796
600
2200
3800
604
2204
3804
608
2208
3808
612
2212
3812
616
2216
3816
620
2220
3820
624
2224
3824
628
2228
3828
632
2232
3832
636
2236
3836
640
2240
3840
644
2244
3844
648
2248
3848
652
2252
3852
656
2256
3856
660
2260
3860
664
2264
3864
668
2268
3868
672
2272
3872
676
2276
3876
680
2280
3880
684
2284
3884
688
2288
3888
692
2292
3892
696
2296
3896
700
2300
3900
704
2304
3904
708
2308
3908
712
2312
3912
716
2316
3916
720
2320
3920
724
2324
3924
728
2328
3928
732
2332
3932
736
2336
3936
740
2340
3940
744
2344
3944
748
2348
3948
752
2352
3952
756
2356
3956
760
2360
3960
764
2364
3964
768
2368
3968
772
2372
3972
776
2376
3976
780
2380
3980
784
2384
3984
788
2388
3988
792
2392
3992
796
2396
3996
800
2400
4000
804
2404
4004
808
2408
4008
812
2412
4012
816
2416
4016
820
2420
4020
824
2424
4024
828
2428
4028
832
2432
4032
836
2436
4036
840
2440
4040
844
2444
4044
848
2448
4048
852
2452
4052
856
2456
4056
860
2460
4060
864
2464
4064
868
2468
4068
872
2472
4072
876
2476
4076
880
2480
4080
884
2484
4084
888
2488
4088
892
2492
4092
896
2496
4096
900
2500
4100
904
2504
4104
908
2508
4108
912
2512
4112
916
2516
4116
920
2520
4120
924
2524
4124
928
2528
4128
932
2532
4132
936
2536
4136
940
2540
4140
944
2544
4144
948
2548
4148
952
2552
4152
956
2556
4156
960
2560
4160
964
2564
4164
968
2568
4168
972
2572
4172
976
2576
4176
980
2580
4180
984
2584
4184
988
2588
4188
992
2592
4192
996
2596
4196
1000
2600
4200
1004
2604
4204
1008
2608
4208
1012
2612
4212
1016
2616
4216
1020
2620
4220
1024
2624
4224
1028
2628
4228
1032
2632
4232
1036
2636
4236
1040
2640
4240
1044
2644
4244
1048
2648
4248
1052
2652
4252
1056
2656
4256
1060
2660
4260
1064
2664
4264
1068
2668
4268
1072
2672
4272
1076
2676
4276
1080
2680
4280
1084
2684
4284
1088
2688
4288
1092
2692
4292
1096
2696
4296
1100
2700
4300
1104
2704
4304
1108
2708
4308
1112
2712
4312
1116
2716
4316
1120
2720
4320
1124
2724
4324
1128
2728
4328
1132
2732
4332
1136
2736
4336
1140
2740
4340
1144
2744
4344
1148
2748
4348
1152
2752
4352
1156
2756
4356
1160
2760
4360
1164
2764
4364
1168
2768
4368
1172
2772
4372
1176
2776
4376
1180
2780
4380
1184
2784
4384
1188
2788
4388
1192
2792
4392
1196
2796
4396
1200
2800
4400
1204
2804
4404
1208
2808
4408
1212
2812
4412
1216
2816
4416
1220
2820
4420
1224
2824
4424
1228
2828
4428
1232
2832
4432
1236
2836
4436
1240
2840
4440
1244
2844
4444
1248
2848
4448
1252
2852
4452
1256
2856
4456
1260
2860
4460
1264
2864
4464
1268
2868
4468
1272
2872
4472
1276
2876
4476
1280
2880
4480
1284
2884
4484
1288
2888
4488
1292
2892
4492
1296
2896
4496
1300
2900
4500
1304
2904
4504
1308
2908
4508
1312
2912
4512
1316
2916
4516
1320
2920
4520
1324
2924
4524
1328
2928
4528
1332
2932
4532
1336
2936
4536
1340
2940
4540
1344
2944
4544
1348
2948
4548
1352
2952
4552
1356
2956
4556
1360
2960
4560
1364
2964
4564
1368
2968
4568
1372
2972
4572
1376
2976
4576
1380
2980
4580
1384
2984
4584
1388
2988
4588
1392
2992
4592
1396
2996
4596
1400
3000
4600
1404
3004
4604
1408
3008
4608
1412
3012
4612
1416
3016
4616
1420
3020
4620
1424
3024
4624
1428
3028
4628
1432
3032
4632
1436
3036
4636
1440
3040
4640
1444
3044
4644
1448
3048
4648
1452
3052
4652
1456
3056
4656
1460
3060
4660
1464
3064
4664
1468
3068
4668
1472
3072
4672
1476
3076
4676
1480
3080
4680
1484
3084
4684
1488
3088
4688
1492
3092
4692
1496
3096
4696
1500
3100
4700
1504
3104
4704
1508
3108
4708
1512
3112
4712
1516
3116
4716
1520
3120
4720
1524
3124
4724
1528
3128
4728
1532
3132
4732
1536
3136
4736
1540
3140
4740
1544
3144
4744
1548
3148
4748
1552
3152
4752
1556
3156
4756
1560
3160
4760
1564
3164
4764
1568
3168
4768
1572
3172
4772
1576
3176
4776
1580
3180
4780
1584
3184
4784
1588
3188
4788
1592
3192
4792
1596
3196
4796
