1024
10
10
300
2
0
400
800
4
404
804
8
408
808
12
412
812
16
416
816
20
420
820
24
424
824
28
428
828
32
432
832
36
436
836
40
440
840
44
444
844
48
448
848
52
452
852
56
456
856
60
460
860
64
464
864
68
468
868
72
472
872
76
476
876
80
480
880
84
484
884
88
488
888
92
492
892
96
496
896
100
500
900
104
504
904
108
508
908
112
512
912
116
516
916
120
520
920
124
524
924
128
528
928
132
532
932
136
536
936
140
540
940
144
544
944
148
548
948
152
552
952
156
556
956
160
560
960
164
564
964
168
568
968
172
572
972
176
576
976
180
580
980
184
584
984
188
588
988
192
592
992
196
596
996
200
600
1000
204
604
1004
208
608
1008
212
612
1012
216
616
1016
220
620
1020
224
624
1024
228
628
1028
232
632
1032
236
636
1036
240
640
1040
244
644
1044
248
648
1048
252
652
1052
256
656
1056
260
660
1060
264
664
1064
268
668
1068
272
672
1072
276
676
1076
280
680
1080
284
684
1084
288
688
1088
292
692
1092
296
696
1096
300
700
1100
304
704
1104
308
708
1108
312
712
1112
316
716
1116
320
720
1120
324
724
1124
328
728
1128
332
732
1132
336
736
1136
340
740
1140
344
744
1144
348
748
1148
352
752
1152
356
756
1156
360
760
1160
364
764
1164
368
768
1168
372
772
1172
376
776
1176
380
780
1180
384
784
1184
388
788
1188
392
792
1192
396
796
1196
